image_width: 1280
image_height: 1024
camera_name: front_industrial_camera
camera_matrix:
  rows: 3
  cols: 3
  data: [1514.94744,    0.     ,  630.51027,
            0.     , 1512.02847,  490.27509,
            0.     ,    0.     ,    1.     ]
distortion_model: plumb_bob
distortion_coefficients:
  rows: 1
  cols: 5
  data: [-0.075042, 0.170733, -0.001162, -0.003664, 0.000000]
rectification_matrix:
  rows: 3
  cols: 3
  data: [1., 0., 0.,
         0., 1., 0.,
         0., 0., 1.]
projection_matrix:
  rows: 3
  cols: 4
  data: [1503.3374 ,    0.     ,  626.53802,    0.     ,
            0.     , 1503.8606 ,  489.01086,    0.     ,
            0.     ,    0.     ,    1.     ,    0.     ]