image_width: 1280
image_height: 1024
camera_name: front_industrial_camera
camera_matrix:
  rows: 3
  cols: 3
  data: [1272.84398,    0.     ,  634.91465,
            0.     , 1269.77847,  486.90777,
            0.     ,    0.     ,    1.     ]
distortion_model: plumb_bob
distortion_coefficients:
  rows: 1
  cols: 5
  data: [-0.082229, 0.088951, 0.000599, -0.001289, 0.000000]
rectification_matrix:
  rows: 3
  cols: 3
  data: [1., 0., 0.,
         0., 1., 0.,
         0., 0., 1.]
projection_matrix:
  rows: 3
  cols: 4
  data: [1252.2301 ,    0.     ,  633.01227,    0.     ,
            0.     , 1254.33899,  486.36684,    0.     ,
            0.     ,    0.     ,    1.     ,    0.     ]